o(l(0.000000,0.000000,5000.000000):r((0.258574,0.962919,-0.221466),(-0.221437,0.258556,0.962926),(0.962913,-0.221446,0.258586)))
o(l(1023.491699,0.000000,5387.019531):r((-0.035239,-0.980504,0.054759),(-0.054778,-0.035228,-0.980559),(0.980567,-0.054777,-0.035218)))
o(l(516.919556,0.000000,5029.915039):r((0.521410,0.764219,-0.176393),(-0.505578,0.176494,-0.764267),(-0.599721,0.505610,0.521443)))
o(l(82.257812,0.000000,5325.835938):r((0.966329,-0.195423,-0.011810),(0.148820,0.736957,0.580791),(-0.126926,-0.566830,0.755408)))
o(l(1537.328369,0.000000,4000.926758):r((-0.188617,0.208667,-0.895923),(-0.746657,0.528679,0.299090),(0.537308,0.776810,0.080409)))
o(l(1677.205566,0.000000,7483.712402):r((-0.517923,-0.234232,-0.758806),(-0.642702,0.651323,0.234228),(0.466497,0.642742,-0.517994)))
o(l(2108.133545,0.000000,3966.158203):r((-0.517923,-0.234232,-0.758806),(-0.642702,0.651323,0.234228),(0.466497,0.642742,-0.517994)))
o(l(2108.133545,0.000000,3966.158203):r((-0.517923,-0.234232,-0.758806),(-0.642702,0.651323,0.234228),(0.466497,0.642742,-0.517994)))
o(l(2859.120850,0.000000,3666.031494):r((-0.035281,0.054691,0.980435),(0.980498,-0.035287,0.054824),(0.054784,0.980538,-0.035268)))
o(l(18543.910156,0.000000,5920.349121):r((-0.991995,0.000000,0.330642),(0.000000,1.000000,0.000000),(-0.330610,0.000000,-0.991850)))
o(l(-2042.773193,0.000000,12244.664062):r((0.966329,-0.195423,-0.011810),(0.148820,0.736957,0.580791),(-0.126926,-0.566830,0.755408)))
o(l(0.000000,60.000000,500.000000):r((0.890200,0.000000,-0.423393),(0.000000,1.000000,0.000000),(0.423408,0.000000,0.890216)))
o(l(0.000000,60.000000,500.000000):r((0.890200,0.000000,-0.423393),(0.000000,1.000000,0.000000),(0.423408,0.000000,0.890216)))
o(l(-20.000000,-20.000000,100.000000):r((0.195167,0.980811,0.000000),(-0.980811,0.195168,0.000000),(0.000000,0.000000,1.000000)))
o(l(0.000000,-20.000000,100.000000):r((1.000000,0.000000,0.000000),(0.000000,1.000000,0.000000),(0.000000,0.000000,1.000000)))
o(l(20.000000,-20.000000,100.000000):r((1.000000,0.000000,0.000000),(0.000000,1.000000,0.000000),(0.000000,0.000000,1.000000)))
